%YAML:1.0
---
camera_matrix: !!opencv-matrix
   rows: 3
   cols: 3
   dt: d
   data: [ 1.1792315900622066e+03, 0., 6.6109466233615797e+02, 0.,
       1.1789853389017303e+03, 3.4401678037318629e+02, 0., 0., 1. ]
dist_coeff: !!opencv-matrix
   rows: 1
   cols: 5
   dt: d
   data: [ 1.6836095183955574e-01, -6.4171147477695833e-01,
       -2.2543184593057726e-03, 2.7872634899685253e-03,
       7.5117009620855502e-01 ]
