%YAML:1.0
---
camera_matrix: !!opencv-matrix
   rows: 3
   cols: 3
   dt: d
   data: [ 1.3534244724131453e+04, 0., 5.7504820404501186e+02, 0.,
       1.4721304881514430e+04, 4.3762704438488396e+02, 0., 0., 1. ]
dist_coeff: !!opencv-matrix
   rows: 1
   cols: 5
   dt: d
   data: [ 1.0298586806986000e+01, -3.2545427707449330e+03,
       -7.7201335767091350e-03, 1.0576208337739967e-01,
       -9.8177513393515223e+00 ]
