%YAML:1.0
---
camera_matrix: !!opencv-matrix
   rows: 3
   cols: 3
   dt: d
   data: [ 1.3379996578713211e+04, 0., 5.3227414824345374e+02, 0.,
       1.4520103306966092e+04, 4.5618778191892295e+02, 0., 0., 1. ]
dist_coeff: !!opencv-matrix
   rows: 1
   cols: 5
   dt: d
   data: [ 7.6725675611512809e+00, -2.3118302128727209e+03,
       -5.1711266866214045e-03, 1.2627124341520801e-01,
       -8.3554156860824502e+00 ]
